1808004
1805363
1904228
1808061
1808028
1808053
1808048
1808054
1808029
1828001
1808001
1808016
1808047
1828130
1808015
1808007
1808056
1808041
1808058
1828215
1808010
1808060
1802311
1802242
1808018
1808059
1802135
1802097
1802119
1802062
1802321
1828186
1802002
1802373
1802099
1802330
1802043
1802381
1802375
1802261
1802268
1802125
1802345
1802022
1802137
1802369
1802034
1802024
1802366
1802274
1802007
1802339
1802308
1802304
1802251
1802065
1802057
1802146
1828241
1802118
1802320
1802172
1828115
1802189
1802164
1802257
1802052
1802112
1828144
1802378
1802156
1802214
1802329
1802086
1802159
1802153
1802367
1802276
1802238
1802165
1828235
1802104
1802292
1802182
1802356
1802305
1802273
1802358
1802338
1802169
1802031
1802263
1802117
1902159
1802209
1802019
1802080
1802116
1802120
1802319
1802037
1828220
1802315
1802293
1802050
1828172
1802010
1802107
1802070
1802379
1802212
1802254
1802269
1802217
1828179
1802300
1802279
1802349
1828092
1802357
1802025
1802370
1802382
1802246
1802020
1802361
1802158
1828157
1802241
1802391
1802303
1828210
1802264
1802392
1802073
1802323
1802196
1802207
1802309
1802394
1802194
1807306
1802133
1802397
1802353
1807131
1802244
1802203
1802299
1807095
1802236
1802184
1802128
1807263
1802235
1807058
1802388
1807124
1802006
1807185
1802026
1826022
1802359
1807262
1802055
1826023
1802295
1807234
1802087
1826003
1802351
1807281
1802093
1826005
1802390
1807092
1807309
1826012
1802389
1826004
1807013
1826001
1828290
1826002
1828169
1826035
1802072
1826016
1807181
1826013
1802004
1826031
1807341
1826038
1828223
1826033
1807294
1826029
1807298
1828272
1807169
1826026
1807196
1828256
1828225
1826027
1807077
1828080
1807236
1805311
1807105
1805314
1802398
1805818
1807222
1826028
1826039
1828280
1807250
1805817
1826032
1805079
1826019
1805820
1826020
1805078
1826017
1805814
1826021
1828167
1826025
1805038
1826009
1805815
1826024
1805793
1826008
1805812
1828078
1805808
1826037
1805796
1826036
1805782
1826034
1805795
1826006
1805794
1805319
1805785
1828076
1805553
1805379
1805786
1826007
1805783
1805148
1805376
1826014
1805352
1805130
1805781
1805261
1805049
1805190
1805037
1805341
1805439
1805085
1805433
1805401
1805067
1805394
1805634
1805219
1805327
1805087
1805755
1805128
1805564
1805807
1805095
1805032
1805047
1805810
1805618
1805816
1805186
1828191
1805736
1805798
1805170
1805803
1805276
1805811
1805293
1805804
1805532
1805813
1828097
1805788
1805052
1805805
1805424
1805792
1805524
1805806
1828260
1828051
1828091
1805801
1805672
1805790
1828109
1805802
1805601
1805791
1805621
1805789
1828211
1805411
1805776
1805787
1805609
1805541
1805093
1805162
1805400
1805233
1805492
1828171
1805144
1805644
1805208
1805495
1805707
1805446
1805775
1805329
1805349
1805643
1805569
1828143
1805305
1828106
1805581
1805780
1805364
1805372
1805105
1805632
1805745
1805025
1805385
1805483
1805239
1828118
1805338
1805479
1805466
1805158
1805769
1805365
1805229
1805205
1805120
1805572
1805163
1805308
1805526
1805694
1805598
1805323
1805055
1805140
1805772
1805019
1805332
1805237
1805304
1805284
1805082
1805116
1805711
1805081
1805063
1805442
1805635
1805286
1805005
1805605
1805651
1805680
1805118
1805414
1805765
1805172
1805518
1805662
1805270
1805737
1805629
1805717
1805557
1805331
1805639
1805350
1805333
1805114
1805600
1805471
1805361
1805470
1805125
1805622
1805253
1805193
1805640
1805574
1805690
1828068
1805473
1805543
1805173
1828181
1805505
1805626
1805599
1805649
1805225
1805316
1805746
1805504
1805529
1805507
1805145
1805399
1828261
1805454
1805007
1805045
1805425
1805391
1805247
1805476
1805809
1805212
1805062
1805681
1828057
1805324
1805455
1805768
1805056
1828096
1805066
1805060
1805534
1805030
1805514
1805243
1805533
1805240
1828110
1805535
1805547
1828207
1805546
1828101
1805023
1805646
1805461
1805111
1805724
1805098
1805283
1805238
1805749
1805061
1805738
1828180
1805752
1805667
1828116
1805407
1805139
1805472
1805422
1805728
1805691
1805086
1805536
1828145
1805313
1805106
1805234
1828137
1805252
1805388
1805201
1805296
1805157
1805259
1804275
1805486
1804579
1805168
1804279
1805777
1828064
1828066
1804117
1805761
1828270
1805042
1804495
1805771
1804431
1805386
1804246
1828271
1804171
1805412
1804305
1805204
1804487
1805033
1804157
1805403
1804479
1828125
1804494
1805169
1804607
1805762
1804395
1805185
1804573
1805427
1804448
1805251
1804094
1805180
1804091
1805184
1804162
1805264
1804354
1805089
1804272
1805753
1804211
1805648
1804206
1805613
1804604
1805371
1804602
1805368
1804519
1805109
1828133
1805013
1804013
1804144
1804240
1804546
1804122
1805658
1804169
1804562
1828062
1804443
1804034
1804333
1804535
1804223
1804534
1804085
1804416
1828081
1804218
1804558
1804447
1804542
1804380
1804178
1804033
1804581
1828226
1804136
1828160
1828121
1804237
1804153
1804492
1828182
1804454
1804381
1804049
1804622
1804020
1804113
1804414
1804188
1804099
1804097
1804476
1804264
1804280
1804511
1804042
1804605
1804228
1804139
1804101
1804478
1828070
1804130
1804138
1728146
1804018
1804464
1804413
1804224
1804259
1804399
1804306
1804429
1804170
1828262
1804111
1804549
1804307
1828046
1804108
1804547
1828248
1804089
1804342
1804125
1804445
1804093
1804421
1804268
1804533
1804432
1804095
1804505
1804437
1804024
1804435
1804038
1804066
1804470
1804456
1804491
1804003
1804458
1828229
1804256
1804011
1804052
1804160
1804174
1804357
1804386
1804343
1804102
1804532
1804192
1828003
1804233
1804207
1804375
1804460
1804498
1804098
1804536
1804352
1804468
1804071
1804372
1804632
1804527
1804133
1804039
1804433
1804104
1804284
1804472
1804428
1804351
1804360
1828120
1804214
1804434
1804075
1828119
1804585
1804403
1828018
1804560
1804453
1804021
1828255
1804387
1828250
1804100
1804244
1804065
1804347
1804467
1804057
1804531
1804286
1804086
1804446
1828190
1828009
1804337
1804254
1804415
1804212
1828113
1804105
1804180
1804425
1804012
1804287
1804374
1804382
1804401
1804371
1804175
1804365
1804539
1804048
1804300
1804251
1804203
1804260
1804482
1804385
1828166
1804457
1804506
1804344
1804081
1804461
1804439
1804427
1804398
1804078
1804152
1804350
1804026
1804362
1804123
1804348
1804550
1804501
1804417
1804149
1804051
1804053
1804459
1804106
1804299
1804515
1804062
1804584
1804167
1804022
1804571
1828192
1804490
1804555
1804088
1804615
1804030
1804361
1804315
1804200
1804324
1828117
1804402
1828183
1804312
1804028
1804488
1804393
1804009
1804184
1804363
1804044
1804578
1828282
1804037
1804616
1804366
1804278
1804304
1804554
1804430
1804388
1804593
1804215
1804276
1804376
1804373
1804146
1804080
1804197
1828268
1906494
1804449
1804328
1828257
1804032
1804131
1804568
1804325
1804551
1804349
1804378
1804005
1906150
1804023
1804496
1804156
1804383
1804422
1804263
1828034
1804396
1804238
1804400
1804489
1804588
1804599
1804548
1804589
1906678
1804242
1804168
1804297
1906133
1804016
1804025
1804277
1804559
1804583
1804001
1804600
1804230
1828159
1906213
1804273
1804512
1804407
1804513
1804213
1804485
1804526
1804199
1804624
1804189
1828237
1906677
1804243
1804292
1804120
1804183
1804027
1804369
1804379
1804014
1804069
1804617
1804216
1804370
1804074
1804561
1804331
1804285
1804313
1804129
1804303
1804019
1804050
1804063
1804530
1804339
1804410
1804181
1804114
1804283
1804389
1804310
1804334
1804327
1804609
1804524
1804186
1804507
1804054
1804208
1804258
1804340
1804621
1804509
1804282
1804225
1804518
1906672
1804419
1804355
1804194
1804444
1804235
1804150
1804540
1804142
1804291
1804234
1804314
1906667
1804058
1804261
1804529
1804564
1804289
1804620
1804323
1804046
1804594
1804628
1804250
1804249
1804596
1804631
1804035
1804293
1828016
1804179
1804270
1804574
1804336
1906668
1804047
1906676
1804252
1906669
1804281
1804450
1804612
1804110
1804586
1804298
1804493
1904808
1804412
1906670
1804424
1904807
1804364
1804629
1804294
1904812
1804391
1804627
1804358
1904811
1804193
1904806
1804308
1705115
1804572
1904810
1804359
1705078
1804390
1705803
1804239
1705603
1804484
1705076
1804148
1705511
1804231
1705691
1804185
1830182
1804474
1705655
1804107
1830125
1906671
1830041
1906675
1830130
1804455
1830044
1804082
1830010
1804480
1906661
1804096
1830169
1804205
1830206
1802621
1830012
1804322
1830190
1804356
1830120
1804164
1906662
1804556
1830105
1804502
1830175
1804173
1830184
1906673
1830103
1804537
1830192
1804127
1828175
1804595
1830057
1804079
1830118
1804119
1830085
1804083
1830203
1804190
1830065
1804010
1830179
1804409
1830095
1804056
1830102
1804147
1830018
1804436
1830110
1804541
1830071
1804070
1830098
1804610
1830211
1804618
1830008
1804544
1830082
1804625
1830144
1804565
1906649
1804227
1830069
1828048
1906648
1804637
1908003
1804477
1908014
1804321
1908011
1804523
1830183
1804642
1830096
1804442
1830068
1804636
1906650
1804017
1830109
1804195
1906651
1804255
1906654
1804641
1830092
1804163
1830081
1904805
1830212
1804634
1830005
1804643
1830151
1804633
1830045
1705290
1830089
1804638
1830077
1904804
1828020
1804639
1906652
1705540
1830049
1804640
1830213
1705717
1830162
1804015
1830111
1804626
1830113
1904802
1830164
1705756
1830152
1904801
1830027
1705409
1830060
1904809
1830135
1705118
1830093
1904803
1830138
1830091
1830197
1705769
1830076
1705504
1830086
1906666
1830020
1906663
1803603
1906664
1830062
1906665
1904075
1705653
1830196
1830160
1904012
1705365
1830035
1830066
1803604
1705405
1830079
1830074
1904285
1705785
1830121
1830053
1904307
1830064
1803601
1830032
1904129
1830170
1803602
1830036
1904024
1830078
1830024
1906660
1904274
1830051
1904393
1830019
1904360
1830129
1904302
1830084
1904335
1830048
1904005
1830172
1904077
1830099
1803605
1830004
1904378
1830017
1803607
1830117
1904380
1830159
1904165
1830142
1904330
1830067
1904273
1906659
1904251
1830056
1904355
1830072
1904281
1830108
1904189
1830052
1904441
1830015
1828153
1830127
1904424
1830021
1904379
1830201
1904267
1830157
1904299
1830176
1904178
1906656
1904322
1830037
1904114
1830158
1904230
1908010
1904357
1830029
1904027
1830007
1904145
1830187
1904348
1830011
1904101
1830139
1904134
1830028
1904237
1830208
1904091
1830083
1803061
1830073
1904344
1830133
1904121
1906657
1904051
1908007
1904233
1830046
1904270
1908013
1904408
1830033
1904293
1908008
1904436
1830058
1904324
1830063
1803081
1830034
1904301
1908009
1904415
1908004
1904147
1908002
1904374
1830205
1904166
1830112
1904205
1908001
1904405
1830199
1904151
1830210
1904179
1830216
1904287
1830115
1904109
1830088
1830146
1908005
1803037
1830193
1904289
1830014
1904231
1830188
1904317
1830059
1904458
1830013
1904119
1908012
1904253
1830031
1904198
1830001
1904318
1830165
1904284
1908015
1930195
1906030
1904376
1830134
1904082
1906610
1904113
1830061
1801610
1830025
1930116
1830087
1930027
1830141
1904130
1830186
1930021
1830163
1930022
1830055
1930076
1830070
1801620
1830122
1904016
1830097
1803060
1830047
1904219
1830106
1930120
1830143
1904390
1830156
1930086
1830202
1828274
1830207
1904427
1830171
1930037
1830191
1904443
1830100
1904432
1830209
1904343
1830180
1930136
1830026
1930135
1830042
1904149
1830023
1930068
1830166
1930013
1830137
1930143
1830016
1930183
1830090
1904239
1830173
1904265
1830195
1904314
1830114
1930084
1830189
1904345
1803608
1904377
1830038
1930117
1803609
1904325
1830104
1930149
1830107
1930104
1904333
1930067
1830198
1930132
1830094
1801036
1830002
1904191
1904111
1904038
1830009
1930119
1904010
1904015
1830075
1904159
1904143
1930126
1830050
1904420
1904444
1904241
1830194
1930093
1904235
1930186
1830214
1930161
1904125
1930147
1830215
1930118
1904053
1801027
1730217
1904403
1904350
1930103
1904156
1904332
1904327
1904300
1904269
1904043
1904234
1930146
1904364
1930038
1904196
1930081
1904365
1930071
1904064
1904213
1904383
1904346
1904056
1904371
1904041
1930073
1904157
1904017
1904212
1801006
1803611
1930094
1904089
1930109
1904102
1904319
1904276
1904280
1904340
1930041
1904137
1801064
1904437
1801107
1904336
1904055
1904358
1930062
1904351
1904388
1906511
1930099
1904353
1930138
1930080
1904290
1904026
1904031
1904339
1930055
1904175
1904391
1930045
1801110
1801606
1904094
1904240
1930188
1803606
1930030
1904022
1904088
1904018
1904261
1930087
1904182
1904187
1930069
1904232
1904338
1904433
1828013
1930092
1904086
1904081
1930053
1904104
1930082
1904034
1904072
1930095
1904283
1904013
1904275
1904412
1930156
1930100
1930178
1930152
1930043
1904407
1930172
1930129
1930125
1930105
1904098
1930144
1930011
1904058
1930185
1803011
1904126
1904065
1904052
1803044
1930173
1904256
1930108
1930002
1904099
1930134
1801082
1904295
1930142
1930166
1801007
1904087
1930148
1803093
1904019
1904247
1801135
1904277
1930169
1930035
1930122
1930065
1930072
1930159
1930058
1904215
1930133
1904226
1801109
1904192
1930096
1930121
1930180
1803129
1930001
1930181
1930005
1904047
1930089
1930177
1930074
1930091
1930052
1904331
1930187
1904409
1930101
1904398
1930036
1930008
1930162
1930010
1930088
1904223
1930165
1930137
1904045
1930163
1930110
1801021
1930026
1930098
1930033
1904054
1904334
1930145
1930160
1930007
1904168
1904367
1930184
1930097
1904050
1904195
1828242
1904315
1904385
1904148
1930046
1930023
1904387
1930032
1930194
1930174
1904368
1801055
1904286
1801114
1904291
1930014
1904395
1904183
1904150
1930090
1904128
1904366
1801079
1904116
1904100
1904450
1904021
1930012
1904328
1930112
1904426
1904176
1904258
1930070
1904288
1904004
1904095
1930139
1904279
1801084
1801106
1930004
1904305
1904249
1801047
1930025
1904369
1930083
1904186
1930170
1801069
1904173
1904144
1930051
1904062
1930151
1904316
1930049
1904161
1904451
1904375
1930040
1904434
1930150
1904321
1930047
1904023
1904138
1904362
1930115
1904440
1930059
1904431
1930063
1904071
1930019
1904309
1930020
1828056
1930024
1904070
1930168
1904264
1930141
1904372
1930190
1904118
1930111
1904002
1930176
1904032
1930130
1904311
1930154
1904326
1930189
1904442
1930196
1904445
1930182
1904306
1930077
1904046
1930127
1904421
1930197
1904446
1801102
1904042
1930102
1904216
1930140
1904155
1904106
1904268
1930075
1904048
1930198
1904136
1801058
1904060
1904204
1904384
1930114
1904217
1930199
1904248
1930191
1904092
1801015
1907035
1930193
1904381
1904085
1907038
1801060
1904185
1904037
1801013
1801087
1904203
1801140
1801129
1930192
1904413
1904040
1904221
1904238
1907105
1904252
1904211
1904177
1907051
1904422
1907008
1904404
1904312
1904250
1904020
1904363
1904122
1904172
1907069
1904049
1801125
1904036
1907085
1904313
1801033
1904373
1904197
1904139
1907043
1904093
1904090
1904117
1907044
1904174
1907049
1904201
1907059
1904044
1904127
1904303
1907021
1904229
1907072
1904272
1907061
1904206
1907047
1904169
1904257
1904308
1904401
1904083
1805955
1904347
1904108
1904170
1907060
1801039
1907034
1904202
1907067
1904414
1805951
1904271
1805953
1904007
1828259
1904220
1907010
1904069
1805960
1904402
1904115
1904158
1805952
1904430
1904448
1904447
1904292
1904356
1904439
1904039
1805961
1904001
1904452
1809301
1904329
1801122
1904449
1904014
1805964
1801123
1907075
1904028
1907042
1904057
1907065
1904184
1907096
1904214
1904460
1904399
1907032
1904349
1904456
1904133
1904061
1904397
1904463
1907028
1801088
1904263
1907068
1904164
1904453
1904254
1801048
1907079
1904457
1904419
1904462
1907078
1907094
1904160
1907080
1907098
1904461
1904428
1907050
1904278
1801094
1904080
1907100
1907097
1904464
1904370
1801137
1907073
1907058
1801098
1907006
1904207
1907023
1801086
1907025
1801130
1904466
1904262
1907108
1907039
1907017
1904124
1907007
1907055
1907104
1907057
1907115
1904416
1907110
1907090
1907112
1904035
1907109
1904209
1904320
1904200
1705927
1904078
1907117
1805958
1706114
1904389
1706266
1801128
1706225
1904079
1705926
1801089
1705923
1904394
1706180
1907054
1706083
1907077
1705887
1904244
1705888
1904107
1706565
1801052
1706012
1907018
1705893
1904073
1704120
1907033
1706063
1805959
1706229
1904435
1706152
1907036
1706062
1907102
1705896
1907029
1705895
1904030
1706155
1904074
1704097
1904152
1705900
1907013
1706176
1904304
1706263
1904467
1705901
1805957
1705920
1904454
1801095
1907081
1706215
1907001
1705918
1907091
1705919
1907103
1706071
1805956
1706288
1904470
1801062
1801116
1705905
1907062
1705904
1904190
1706208
1907071
1706006
1907003
1801121
1907053
1705907
1907087
1705914
1907064
1706573
1904455
1706101
1904469
1805965
1801139
1826301
1801045
1706061
1904068
1705908
1907083
1706037
1907095
1706248
1907116
1805969
1904459
1706207
1801049
1805972
1907015
1805968
1828010
1706024
1907076
1705985
1907046
1705986
1907040
1706262
1705925
1706193
1904411
1805973
1907114
1705994
1904465
1706135
1705890
1706036
1907099
1706132
1704185
1706092
1907101
1705991
1705894
1706242
1904471
1705992
1705889
1706058
1904468
1705987
1801017
1706257
1907030
1705990
1801115
1706226
1907009
1705993
1705899
1706075
1907113
1706147
1705921
1706108
1907107
1706035
1705983
1706202
1706161
1706065
1706571
1706251
1907111
1706247
1705915
1801028
1801091
1706182
1706107
1801042
1801044
1706050
1705902
1706138
1705891
1706118
1706175
1706234
1705924
1706253
1706013
1706039
1705922
1706059
1706206
1706150
1706252
1706142
1706057
1706171
1705898
1706040
1705906
1804805
1706228
1801101
1705909
1804804
1706237
1801014
1705912
2004050
1705897
1706220
1805967
2004049
1706287
1804806
1706187
2004039
1705917
1807601
1805971
2004040
1706205
2004048
1706146
2004035
1705903
2004047
1707285
2004036
1706282
2004037
1706181
1828053
1705913
2004038
1705989
2004028
1705910
2004030
1828026
2004027
1705911
2004029
1801011
2004017
1706185
2004019
1706091
2004018
1706067
2004020
1706201
2004009
1805966
2004008
1706194
2004010
1706211
2004007
1706136
2030047
1706156
2030044
1706086
2030046
1826302
2030045
1706162
2030033
1801111
1801035
1801104
1801053
1706087
2030013
1706033
1801083
1706029
2030012
1706026
2030032
1805970
1801141
1706151
2008011
1801054
2030003
1706009
1801132
1706275
2008013
1706044
1801154
1706238
2008012
1706203
2008010
1707133
2008009
1706119
2004152
1705988
2008008
1706070
2004153
1801005
2008001
1807602
1828141
1706188
2008002
1706124
2004144
1706157
2004150
2004053
2004145
1706191
2004151
1706240
2004135
1706137
2004142
2004045
2004134
1706068
2004143
1807603
2004122
1706112
2004133
2004044
2004123
1706031
2004132
1907118
2004113
1706097
2004125
2004033
2004112
1706093
2004124
2004046
1801093
1706199
2004114
2004025
1801092
1706134
2004115
2004043
2004080
1706160
2004100
2004024
1801066
1706053
1801108
2004034
2004064
1706283
1801057
2004016
2004065
1804801
2004062
2004026
2004060
1706245
2004063
2004011
2004061
1801085
2004253
2004023
1801059
1804802
2004252
1801117
2004054
2004052
1828040
2004015
2004055
2004051
2004248
2004002
2004250
2004249
1801096
2004251
2004240
2030039
2004041
2004241
2004012
2004246
1801071
2004239
2030034
2004247
1804140
2004238
2004001
2004237
2004042
2004231
2030028
2004236
2004032
2004230
2030038
2004229
1801029
2004226
2030025
2004228
1801075
2004227
2030035
2004221
2004031
2004217
2030020
2004220
2004021
2004216
2030029
2004218
2004022
1801046
2030017
2004219
2004013
2004206
2030024
2004210
2004014
2004207
2030011
2004211
2004005
2004204
2030021
2004208
2004006
2004205
2030006
2004209
2004004
1801010
2030016
2004203
2004003
2004196
2030002
2004202
2030043
2004197
2030010
2004200
2030042
2004194
2008016
2004201
2030041
2004195
2030007
2004199
2030040
2004188
2008007
2004198
2030037
2004189
2030001
2004192
2030036
2004183
2004147
2004193
2030030
1806801
2008006
2004191
2030031
2004179
2004136
2004190
2030026
2004178
2004146
1801056
2030027
2004172
1801068
2004187
2030022
2004173
2004137
2004186
2030023
1801120
2004128
2004185
2030019
2004168
2004129
2004184
2030018
2004169
2004120
1801118
2030015
1801078
2004121
2004177
2030014
1805571
2004119
2004176
2030008
1805257
1801133
2004175
2030009
1828197
2004111
2004174
2030004
1805440
2004118
2004166
2030005
1805704
2004109
2004170
2008014
1805469
2004110
1805568
2008015
1805582
2004104
2004167
2008004
1805387
2004108
1805100
2008003
1805510
2004101
1805189
1801041
1805509
2004105
1805053
2004149
1805136
2004098
1805562
2004148
1805485
2004099
1805741
2004141
1805223
2004095
1805141
2004140
1805445
2004094
1805334
1801145
1805592
2004090
1805436
2004139
1801001
2004091
1805402
2004138
1805619
2004087
1805584
2004131
1805531
2004086
1805608
2004130
1805054
2004082
1805135
2004126
1805583
2004083
1805501
2004127
1805494
2004076
1805015
2004117
1805215
2004077
1805538
2004116
1801020
2004073
1805576
2004107
1805685
2004072
1805389
2004106
1805673
2004067
1805181
2004103
1805705
2004066
1805242
2004102
1805321
2004056
1805698
2004096
1805687
2004057
1805325
2004097
1805397
1801043
1805463
2004092
1805102
2004244
1805684
2004093
1805133
2004245
1801090
2004088
1805444
1801037
1801030
2004089
1805742
2004234
1805340
2004084
1805523
2004235
1805435
2004085
1805366
2004223
1805396
2004079
1805036
2004222
1805748
2004081
1805774
2004212
1805712
2004075
1805203
2004213
1805226
2004078
1805670
2004165
1805441
2004071
1801103
2004164
1805022
2004074
1805241
1805132
1805134
2004069
1805628
1805299
1805281
2004070
1801105
1805024
1805167
2004058
1805423
1805183
1805302
2004068
1805303
1805689
1805267
2004242
1805091
1805552
1805369
2004059
1828052
1805675
1805750
2004233
1805610
1801126
1805384
2004243
1805739
1801065
1805682
2004225
1805108
1805586
1801131
2004232
1805248
1805335
1805657
1801019
1805050
1805297
1805220
1801119
1805192
1805080
1805099
2004214
1805517
1805021
1805570
2004224
1805595
1805544
1805034
2004181
1805604
1805645
1805160
2004215
1805345
1805354
1801034
2004163
1805652
1805713
1805382
2004180
1805525
1805213
1805731
1805474
1805410
1805498
1805146
2004171
1801067
1805481
1805343
1805129
1801077
1805760
1805489
2004162
1805016
1805467
1805559
1805012
1805027
1801099
1805367
1805004
1805413
1801138
1805096
1801074
1805612
1805342
1805258
1805245
1805450
1805627
1805090
1805415
1805207
1805077
1805083
1805041
1805040
1805249
1805692
1805217
1805103
1805154
1805697
1805539
1805438
1805587
1805224
1805664
1828246
1805758
1805230
1801023
1805611
1805344
1805131
1805282
1805028
1805065
1801112
1805068
1805277
1805209
1805430
1805666
1805426
1805182
1805418
1805665
1805702
1805497
1828156
1805127
1805211
1805693
1805202
1805633
1805269
1805227
1801002
1805408
1805155
1805123
1805500
1805714
1805597
1805306
1805464
1805678
1805317
1805779
1805656
1805014
1805294
1805221
1805720
1805580
1805700
1805346
1805540
1805555
1805301
1805661
1805589
1805512
1805437
1805017
1805153
1805011
1805449
1805406
1805653
1805416
1805590
1801024
1805551
1805647
1805199
1801031
1805046
1801050
1801143
1805094
1805287
1805143
1805356
1805655
1805475
1805527
1805290
1805701
1805432
1801127
1801142
1805285
1805187
1805733
1805008
1805178
1805348
1805623
1805266
1801080
1828027
1805721
1805362
1805315
1828278
1805706
1805459
1805231
1805797
1805516
1805255
1805458
1828028
1805292
1805654
1805596
1805722
1805614
1805337
1805499
1828140
1805353
1805462
1805278
1805137
1805043
1805637
1801073
1805521
1805059
1805174
1805478
1828174
1805377
1805035
1805228
1828202
1805150
1805519
1805560
1805743
1805606
1805197
1805764
1801026
1805558
1805138
1828017
1805001
1805113
1805300
1805179
1828264
1805216
1805615
1805513
1805669
1801063
1805708
1805031
1828221
1805198
1828277
1805195
1805549
1805405
1828102
1805164
1828095
1805003
1801155
1805188
1801009
1828100
1801151
1805272
1828231
1805542
1805579
1805799
1805607
1805274
1828011
1805058
1828049
1805676
1805291
1805578
1805191
1805602
1805641
1805355
1828037
1805275
1828249
1801144
1805357
1805487
1805171
1805214
1828152
1801113
1828105
1805490
1805328
1805703
1828088
1805151
1828054
1828253
1805452
1805084
1805064
1805686
1828185
1801146
1805419
1805279
1805117
1805390
1805715
1805097
1828284
1805522
1805330
1805307
1828163
1805710
1805625
1805273
1805566
1805322
1805537
1805176
1828285
1801149
1805326
1805112
1805740
1805421
1828244
1805456
1828142
1805124
1828233
1805508
1828136
1828123
1828279
1805502
1805766
1828002
1828012
1805222
1805638
1801150
1828276
1805177
1828214
1805339
1828201
1805147
1828291
1805374
1805616
1805320
1805057
1828154
1805603
1801148
1801076
1828038
1801097
1805563
1805071
1828107
1805232
1805375
1828098
1805457
1828203
1805588
1801070
1828085
1828128
1805200
1828230
1805119
1828112
1801147
1805699
1828234
1805763
1805373
1805380
1805428
1805280
1805122
1828151
1828047
1801051
1828193
1828132
1828075
1828292
1805336
1828126
1828176
1828258
1828194
1828059
1805006
1828297
1828189
1828065
1828084
1828281
1805309
1805447
1805370
1805026
1828103
1805550
1828082
1805076
1828148
1805593
1805759
1805289
1828188
1805488
1805048
1805594
1805235
1828289
1805360
1805152
1805709
1805477
1828164
1828298
1805110
1828293
1828090
1805528
1828039
1805468
1801040
1805393
1828044
1805718
1801022
1806575
1805002
1805451
1805511
1805072
1801153
1805359
1805545
1806349
1828216
1805630
1828168
1805770
1828135
1805506
1828224
1806470
1828239
1805298
1828150
1805496
1801004
1805719
1805115
1806244
1801152
1806297
1828208
1806199
1805460
1805256
1805585
1801160
1805567
1801157
1828275
1806083
1828086
1806273
1805101
1806496
1805381
1806332
1805727
1801159
1805668
1806071
1805268
1806384
1805149
1806160
1805696
1806173
1828006
1801158
1805556
1806139
1801003
1806429
1828055
1806414
1828099
1806239
1828240
1806119
1805716
1806056
1805631
1806315
1805636
1806274
1828069
1806045
1828205
1806255
1805107
1806499
1828063
1806167
1828288
1806567
1805767
1806420
1801025
1806541
1805121
1806237
1828124
1806186
1805561
1806530
1805351
1806571
1828077
1806318
1801134
1806333
1828218
1806019
1805142
1806378
1801008
1806271
1828294
1806118
1805778
1806560
1805773
1806513
1805074
1806238
1828299
1806134
1805465
1806404
1806534
1806245
1828287
1806374
1805677
1806543
1828263
1806456
1806437
1806467
1805663
1806491
1805092
1906244
1805194
1806053
1806388
1806337
1805554
1806243
1806222
1806059
1828043
1806393
1806531
1806563
1805020
1806166
1806511
1806013
1801100
1806026
1806503
1806577
1801032
1806386
1806132
1806565
1805404
1801169
1806299
1806194
1805726
1801167
1806357
1806442
1828295
1806289
1806040
1906504
1806476
1806545
1806454
1806385
1805271
1806557
1801162
1806574
1806446
1806428
1806264
1806212
1801018
1806415
1806550
1806477
1806069
1806312
1801161
1806157
1805126
1806472
1828177
1806338
1806492
1806286
1806242
1806540
1805482
1806423
1801163
1806519
1806335
1806433
1806154
1906319
1806410
1806001
1806558
1806364
1806095
1806200
1806091
1806390
1806206
1801601
1806164
1806107
1806465
1806372
1801165
1806468
1806246
1806561
1806546
1806324
1806123
1806347
1806441
1806113
1806224
1806490
1806100
1806555
1806234
1806413
1806403
1806009
1806082
1806209
1806488
1906551
1806484
1806068
1806569
1806251
1806370
1806424
1806076
1806427
1806345
1806506
1806411
1806219
1806475
1806150
1806221
1806522
1801166
1806447
1806478
1906595
1806396
1806180
1806445
1806004
1806052
1806205
1806481
1806033
1806103
1806060
1906187
1806400
1806285
1806023
1806431
1806072
1806137
1806250
1806521
1806079
1806252
1806449
1806339
1906415
1806573
1906484
1806062
1806105
1806227
1806342
1806486
1806114
1806300
1806276
1806358
1806223
1806523
1806112
1806256
1906003
1806129
1806524
1806198
1806074
1801168
1806482
1806304
1806266
1806479
1806088
1806075
1806058
1806015
1806146
1806179
1806149
1806568
1806159
1906370
1806270
1806452
1806504
1806141
1806039
1806218
1806509
1806559
1806330
1806464
1806527
1906190
1806409
1806570
1806225
1806366
1806462
1806038
1806473
1806216
1806190
1806301
1806391
1828196
1906191
1806434
1806094
1806247
1806340
1806124
1806193
1906014
1806020
1806099
1806277
1806087
1906153
1806542
1806097
1806572
1806352
1806322
1806343
1806202
1806582
1806230
1906613
1806436
1806128
1806061
1806348
1806213
1806418
1806028
1806008
1806350
1806580
1806328
1806392
1806489
1806398
1906401
1806054
1806102
1806505
1806211
1906555
1806353
1806025
1806298
1806131
1806321
1906238
1806549
1806351
1806063
1806201
1806050
1805010
1806389
1805347
1906234
1806520
1806248
1805671
1806188
1806156
1806480
1805443
1806172
1805236
1806579
1906476
1806296
1805378
1806419
1806002
1806518
1806292
1828283
1806041
1806307
1805260
1806268
1906543
1806261
1806055
1906418
1806362
1806306
1805392
1806517
1806450
1806169
1806254
1806356
1806151
1806313
1906063
1806260
1806510
1806030
1806412
1806092
1805577
1806163
1806334
1806192
1906185
1806067
1906324
1806344
1806249
1806183
1806138
1806494
1906209
1806495
1806140
1806316
1906606
1806369
1806070
1906199
1806048
1806405
1805159
1806395
1805262
1806034
1806382
1806162
1905965
1806430
1806177
1806241
1906100
1806207
1906570
1806003
1806258
1806018
1905963
1806532
1905974
1906112
1806529
1806438
1905960
1806031
1906087
1806290
1806303
1806354
1905975
1806096
1905982
1806375
1806127
1806263
1906478
1806459
1905954
1806143
1905983
1806115
1806283
1806426
1905953
1806012
1905973
1806037
1806291
1806379
1806066
1806281
1806443
1806535
1806512
1806498
1806184
1806317
1905952
1806214
1806302
1806336
1905971
1806453
1906305
1906230
1806380
1805431
1905981
1806116
1905966
1806275
1806435
1806126
1806294
1806406
1906622
1806508
1905976
1805075
1906055
1806017
1806589
1805070
1806539
1806231
1806204
1805448
1806562
1806181
1906285
1806284
1806187
1828162
1806121
1806288
1806226
1806089
1905979
1805175
1806178
1806185
1906277
1805688
1806469
1805210
1806081
1806451
1906178
1806507
1905984
1806077
1806293
1805288
1806086
1805620
1806551
1805784
1806371
1805161
1806262
1805073
1806325
1805754
1806576
1805039
1806305
1806090
1906143
1806401
1906597
1806232
1906407
1806175
1906195
1805156
1806044
1805573
1806399
1806341
1806439
1805395
1806191
1806158
1806147
1806197
1806483
1905970
1806421
1806501
1806287
1805735
1806110
1806148
1806165
1905955
1806308
1805312
1806383
1806210
1806417
1805104
1806035
1806407
1806047
1905972
1806448
1805823
1806155
1806014
1806170
1806588
1806208
1806195
1828222
1905990
1806130
1805747
1806516
1905951
1806084
1806416
1806257
1806108
1806556
1806314
1806161
1905959
1806425
1806098
1806537
1905968
1806502
1806027
1806196
1905988
1806171
1905957
1806538
1905962
1806578
1905969
1806485
1905978
1806189
1905964
1806553
1806029
1806591
1905967
1806259
1806215
1806049
1806526
1806528
1806387
1906357
1905956
1806590
1905986
1806235
1905980
1806085
1806282
1806022
1806228
1806598
1905987
1806323
1806432
1806587
1905977
1928031
1806093
1928098
1806376
1906416
1806135
1806064
1806346
1928094
1828036
1906313
1806057
1806592
1806368
1906233
1806006
1928156
1905989
1928147
1806493
1806016
1806461
1928314
1806111
1906204
1806078
1928026
1806005
1928300
1806402
1928322
1806269
1928021
1905985
1928318
1806240
1928122
1806381
1928192
1806408
1928123
1806174
1828114
1806554
1906194
1806548
1928143
1806125
1928016
1806455
1928056
1806233
1928332
1806024
1928155
1806320
1928203
1806422
1928153
1806440
1928148
1806229
1928187
1806360
1928236
1806552
1928075
1806036
1928229
1806265
1928117
1806051
1928211
1806217
1928245
1806544
1928160
1806144
1928119
1806310
1928017
1806311
1928046
1806497
1928247
1806471
1928118
1806065
1906419
1806203
1928285
1906211
1928228
1806566
1928220
1806536
1928049
1806547
1928167
1806267
1928313
1806500
1928157
1806010
1928045
1806295
1928170
1806032
1928194
1906625
1928013
1806331
1928179
1806007
1906024
1806586
1928128
1806319
1928115
1906056
1928169
1806359
1928159
1806596
1906006
1806355
1906138
1806182
1906538
1806122
1928177
1928309
1928149
1806514
1928168
1806585
1928003
1906273
1928174
1928312
1928090
1806583
1928110
1806597
1928100
1806397
1928072
1928008
1928141
1806593
1928062
1928106
1928239
1806460
1928097
1928114
1928238
1806042
1928340
1928232
1928113
1806458
1928040
1928053
1906355
1928091
1928335
1928252
1928262
1806080
1928145
1928085
1928023
1928151
1928323
1928330
1928120
1806584
1928080
1928303
1828094
1928124
1928078
1928277
1928209
1806594
1906552
1928336
1928301
1928213
1928019
1928047
1928197
1806595
1928127
1928136
1928037
1928039
1928223
1928068
1928298
1806117
1928307
1928204
1928029
1906644
1906477
1928267
1928327
1928253
1928186
1928227
1928065
1928071
1928254
1928135
1906040
1928140
1928299
1906655
1928138
1928043
1928101
1928144
1928297
1928207
1928018
1928130
1928070
1928302
1928095
1906145
1928260
1928270
1928038
1928112
1906635
1928108
1928221
1928060
1928125
1928274
1906197
1928054
1928172
1928191
1928306
1928099
1928069
1906182
1928290
1928010
1928014
1928263
1906472
1928006
1928286
1928034
1928206
1928250
1928233
1928032
1928007
1928308
1928304
1928181
1928234
1928009
1928129
1928067
1928205
1928275
1828149
1928171
1928015
1928248
1928188
1928331
1928041
1928216
1928310
1928092
1905682
1928279
1928035
1928315
1905462
1928225
1928020
1928265
1905571
1928058
1928004
1928030
1905395
1928079
1905379
1928273
1905444
1928320
1928240
1928152
1906315
1928183
1905448
1928024
1906243
1906362
1928325
1928237
1905565
1928093
1905569
1928296
1905425
1928214
1928089
1928084
1905420
1906111
1905411
1928246
1905756
1928224
1905507
1928193
1905451
1928033
1905450
1928326
1905402
1928048
1905679
1928165
1905399
1928164
1905716
1928294
1905476
1928202
1905699
1928226
1905727
1928042
1906428
1928190
1905739
1928104
1905431
1928196
1905615
1928256
1905490
1928142
1905494
1928231
1905765
1928281
1906188
1928180
1905631
1928154
1905446
1928311
1905758
1906068
1905744
1928103
1905460
1928259
1906258
1928230
1905541
1928184
1905732
1928036
1905437
1928305
1905502
1928002
1906142
1928283
1905689
1928249
1905729
1928321
1905519
1928063
1905466
1928215
1905772
1928134
1905757
1906222
1905445
1928185
1905677
1928074
1828200
1928082
1905558
1928088
1905698
1906505
1905645
1928217
1905499
1928146
1905575
1928319
1905776
1928268
1905423
1928210
1905412
1928028
1905580
1928244
1905525
1928012
1905647
1928133
1905697
1928293
1905680
1928076
1905641
1928276
1905609
1928066
1905688
1928087
1905426
1928022
1905509
1928316
1905481
1928295
1905671
1906127
1905531
1928064
1905707
1928341
1905467
1906057
1905723
1928161
1905720
1928329
1905642
1905428
1905533
1928333
1905708
1928324
1905537
1928291
1905517
1905752
1905548
1905585
1905659
1928339
1905736
1928083
1905427
1905624
1905767
1905471
1905612
1905630
1905392
1928288
1905702
1905646
1905715
1905673
1905676
1905447
1905403
1928334
1905586
1905632
1905414
1905475
1906262
1905421
1905527
1905683
1906544
1905608
1905383
1905459
1905522
1905714
1905418
1906155
1905614
1905653
1905745
1905493
1905566
1905409
1905693
1905521
1905637
1905621
1905675
1905407
1905674
1905717
1905560
1905650
1828045
1905443
1905686
1905546
1905518
1905535
1905593
1905597
1905751
1906397
1905670
1905500
1905556
1905690
1905530
1905618
1905617
1905484
1905775
1906359
1905577
1905512
1905544
1905710
1905662
1905601
1905457
1905633
1905591
1905574
1905638
1905588
1905391
1905513
1905594
1905570
1905563
1906248
1905713
1905629
1905508
1905540
1905658
1905706
1905640
1905748
1905539
1905505
1905770
1906017
1905463
1905790
1905397
1905654
1905381
1905495
1905470
1905547
1905456
1906600
1905747
1905691
1905685
1906554
1905419
1905583
1905487
1905724
1905382
1905449
1905581
1905483
1905648
1905555
1905761
1905695
1905649
1905510
1905532
1905491
1905652
1905492
1905636
1905553
1905557
1906545
1905473
1905430
1906121
1905562
1905573
1905787
1905388
1905387
1905663
1905474
1905622
1905455
1905606
1905703
1906580
1905390
1905489
1905461
1905705
1905385
1905515
1905498
1905389
1905503
1905592
1906114
1905504
1905408
1905464
1905400
1905265
1905435
1905477
1905660
1905468
1905380
1905406
1905384
1905480
1905749
1905465
1905442
1905709
1906079
1905750
1905479
1905488
1905735
1905759
1905410
1905700
1905438
1905696
1906547
1905432
1906647
1906130
1905692
1905657
1905405
1905417
1905551
1905394
1905635
1905782
1905743
1905434
1905611
1906349
1905543
1906202
1905511
1905803
1905725
1906300
1905779
1905731
1905396
1905454
1905545
1905797
1906329
1905496
1905664
1905774
1905422
1905628
1905643
1905802
1905634
1905656
1905719
1905783
1906599
1905627
1905404
1905808
1905472
1905626
1906550
1905792
1905485
1905596
1905738
1905694
1905766
1905785
1905778
1905798
1905393
1905753
1906495
1905862
1905721
1905799
1905769
1905801
1905616
1905781
1905452
1905722
1906193
1906467
1905655
1905809
1905516
1906118
1905651
1905845
1905733
1905514
1828236
1905704
1905587
1905800
1905542
1905819
1905549
1905559
1905441
1905810
1905728
1905598
1905416
1905846
1905610
1905839
1905584
1905737
1905780
1905837
1905672
1905760
1905639
1905860
1905620
1905855
1906037
1905840
1905579
1905550
1905453
1905582
1905599
1905666
1905644
1905844
1905768
1905830
1905401
1906286
1906450
1905821
1905469
1905528
1905687
1906239
1905754
1905822
1905486
1905828
1905668
1905823
1905578
1905832
1905589
1905740
1905576
1905829
1905424
1906219
1906474
1905568
1905482
1905831
1905604
1905811
1905538
1905602
1905701
1905865
1906084
1905506
1905773
1905813
1905763
1905812
1905603
1905718
1905625
1905850
1905734
1906328
1905536
1905834
1905552
1906054
1905386
1905755
1905788
1905567
1905440
1905861
1905730
1905564
1905526
1906019
1905795
1905866
1905741
1905852
1905784
1905413
1905497
1905864
1905807
1905534
1905789
1905820
1905796
1905373
1905762
1905867
1905478
1905877
1905794
1905868
1905806
1905340
1905600
1905433
1905607
1906223
1905805
1906128
1828251
1905342
1905554
1905398
1905841
1905353
1905771
1905873
1905439
1906147
1905764
1905561
1905816
1905346
1905814
1905458
1905838
1905894
1905791
1905336
1906015
1905378
1906525
1905595
1906426
1905907
1905793
1905345
1905817
1906012
1905590
1905374
1905711
1905906
1905804
1905368
1905684
1905888
1905429
1906295
1905436
1905915
1906577
1906533
1905825
1905902
1905843
1905339
1905818
1905081
1905665
1905375
1905859
1905904
1905523
1905369
1905858
1906501
1905572
1906462
1905856
1905913
1905827
1906542
1905824
1905219
1905605
1905086
1905669
1906186
1905847
1905039
1905524
1905245
1905815
1905882
1905853
1905085
1905849
1905886
1905501
1905082
1905842
1906384
1905870
1905187
1905851
1905895
1905835
1906456
1905857
1905896
1905874
1905143
1905863
1905908
1905854
1905253
1905826
1905897
1905361
1905305
1905871
1905903
1905869
1905121
1905726
1905905
1905338
1905126
1905875
1906069
1905876
1905106
1905833
1905044
1905355
1905277
1905848
1905909
1905661
1905131
1905667
1905911
1905343
1906485
1905777
1905128
1905376
1905018
1905836
1905919
1905371
1905283
1905372
1905914
1905337
1905255
1905872
1905183
1905352
1905090
1905366
1905318
1905354
1905063
1828042
1905328
1905356
1905238
1905350
1905100
1905359
1905161
1905415
1906413
1905367
1905014
1905348
1905091
1905613
1905122
1905520
1905273
1905344
1905078
1905335
1905201
1905362
1905117
1905363
1905228
1905189
1905050
1905349
1906523
1905360
1905885
1905377
1906592
1905272
1905021
1905347
1905205
1905341
1905064
1905365
1905234
1905260
1905148
1905332
1906339
1905351
1905123
1905334
1905094
1905089
1905271
1905046
1906390
1905149
1905314
1905357
1906018
1905878
1905098
1905010
1905003
1905038
1905227
1905370
1905192
1905921
1905172
1905883
1905053
1905209
1905252
1905358
1905040
1905214
1905892
1828033
1905067
1905129
1906249
1905109
1828198
1905918
1905169
1905135
1905296
1905881
1905270
1905193
1905077
1905303
1905130
1905059
1905264
1905922
1905178
1905066
1905261
1905223
1905160
1905236
1905137
1905279
1905095
1905315
1905093
1905083
1905182
1905231
1905246
1905030
1905289
1905280
1905043
1905159
1906301
1905198
1905294
1905899
1905132
1905200
1905309
1905195
1905188
1905167
1905056
1905157
1905097
1905304
1905016
1905027
1905218
1905254
1905288
1905025
1905061
1905177
1906074
1905202
1905317
1905230
1905311
1905032
1905880
1905004
1905099
1905235
1905237
1905267
1906215
1905073
1905026
1905107
1905074
1905076
1905293
1905249
1905011
1905250
1905101
1905007
1905306
1905049
1905142
1905171
1905326
1905258
1905299
1905075
1905327
1906548
1905124
1905088
1905062
1905900
1905175
1905054
1906398
1905275
1905224
1905259
1905248
1905884
1905302
1905070
1905168
1905052
1905008
1905158
1906183
1905331
1906217
1905179
1905916
1905322
1905191
1905087
1905316
1905103
1905096
1905072
1905080
1905333
1905029
1905290
1828022
1905312
1905057
1905150
1905071
1905102
1906371
1905329
1905037
1906108
1905022
1905262
1905108
1905291
1905019
1905119
1905005
1905893
1828273
1905125
1905216
1905213
1905001
1905045
1905181
1905891
1905092
1905012
1905274
1905164
1905268
1906464
1905879
1905243
1905284
1905286
1905199
1905156
1905155
1905256
1905104
1905162
1905051
1906500
1905127
1905887
1905241
1905180
1905197
1905247
1806466
1905133
1906393
1905190
1905166
1905165
1906172
1905321
2029112
1905013
1905015
1905033
1905141
1905901
1905242
1905206
1906229
1905151
1905058
1905035
1806581
1905282
1905244
1905287
2029025
1905324
1905257
1905139
1906593
1905222
1905184
1905285
2029037
1905069
1905323
1905140
2029073
1905153
1905036
1905134
2029086
1905212
1906607
1906081
2029038
1905297
1906455
1905221
2029059
1905028
1905204
1905276
2029039
1905278
1905055
1905147
2029079
1905226
1905084
1905118
2029141
1905006
1905251
1905310
2029065
1905301
1905068
1905196
2029018
1905217
1905298
1906265
2029070
1905898
1905325
1905266
2029008
1906318
1905112
1905041
1906539
1905174
1805254
1905144
1906439
1905220
1905024
1905239
2029014
1905170
2029006
1905233
2029081
1905910
1806104
1905034
2029004
1905002
2029033
1905048
2029135
1905295
2029026
1905186
2029094
1906256
2029114
1905308
2029119
1905176
2029012
1905136
2029092
1905185
2029102
1905912
2029110
1905163
2029078
1905079
2029058
1905110
1906427
1905017
1828031
1905215
2029076
1905047
2029031
1905116
2029069
1905194
2029143
1905330
2029104
1905114
1906590
1905300
2029103
1905269
2029089
1905111
1906158
1905023
2029082
1905120
2029045
1905105
2029097
1905211
2029067
1905203
2029137
1905320
2029044
1906062
2029125
1905009
2029003
1905154
2029061
1905240
2029063
1905146
2029077
1905065
2029085
1905210
2029046
1905207
2029021
1905889
2029024
1905281
2029016
1905232
2029093
1905115
2029022
1905920
1906498
1906072
2029080
1905113
2029117
1905152
2029043
1929135
2029090
1905313
2029132
1905292
1906404
1905031
2029122
2029062
2029105
1905042
2029099
1905890
2005002
1905060
2029019
2029017
2029066
1905225
2029001
1906459
2005011
1905020
2029036
2029140
2029126
1905208
2029131
1905917
2005019
1906179
2029040
2029035
2005001
1905229
1906417
1705252
2005023
1905263
1906200
2029074
1906487
1928342
2029129
2029101
1906628
1905138
2029052
2029071
2005012
2029023
2029134
2029027
2005030
1905145
2029128
2029108
1906396
2029048
2029138
2029013
2005034
1905923
2029002
2029096
2005020
2029050
2029028
2029049
2005042
2029030
2005003
2029005
2005024
2029041
2029047
2029032
2005051
2029118
2005010
2029011
2005029
2029088
2005004
2029083
2005058
2029075
2005014
2029029
2005033
2029116
2005009
2029042
2005067
2029111
1828060
1906375
2005041
2029142
2005013
2029144
2005076
2029054
2005022
2029055
2005052
1906290
2005021
2029060
2005085
2029015
2005031
2029072
2005057
2029115
2005032
2029051
2005097
1906139
2005040
2029109
2005068
2029136
1906103
1906302
1906631
2029084
2005044
2029053
2005075
2029106
2005039
2029087
1906261
2029095
1906085
2029139
2005086
2029123
2005043
2029091
2005102
2029100
2005049
2029146
1906516
2029124
2005050
2029120
2005104
2029068
2005053
2005005
2005098
2029127
2005054
2029064
2005107
2029010
2005056
2005018
1906260
2029130
2005055
2029107
2005108
2029009
2005065
2005027
2005105
2029121
2005066
2029098
1906553
2029145
2005077
2005036
2005106
2029056
2005078
2029057
1905307
2029034
2005088
2005045
1906460
2029133
2005087
2005006
2005113
2029007
2005096
1906039
2005111
2005007
2005095
2005017
2005114
2029020
1906332
2005061
2005112
2005016
1828217
2005028
2005115
2029113
1906604
2005072
1906137
2005025
2005103
2005035
1906047
2005008
2005116
2005079
2005125
2005037
1906341
2005046
2005117
2005015
2005118
2005083
1906493
2005048
1906617
2005062
2005120
2005026
2005121
2005090
2005126
2005059
2005123
1906016
2005122
2005038
1906503
2005094
1829250
2005063
1906414
2005071
1906585
2005047
2005135
2005101
2005137
2005070
2005133
2005080
2005127
2005060
2005139
1906089
2005145
2005074
2005136
2005084
2005128
2005064
2005148
1906099
2005149
1906574
2005140
2005089
1829251
2005069
1829227
1906109
2005156
2005082
1829249
2005093
2005138
2005073
2005157
1906207
2005160
2005091
2005147
1906563
2005146
2005081
2005165
2005124
2005168
2005099
2005158
2005109
2005150
1906312
2005176
1906307
2005177
1906575
2005166
2005110
2005155
2005092
2005183
1829097
2005181
1906035
2005175
1906333
2005159
2005100
2005194
2005143
2005192
1828227
2005184
1906377
2005167
1906066
2005202
2005154
2005203
1906632
2005193
1906232
2005178
1828219
2005211
2005161
2005214
1906638
2005201
1906445
2005182
1906289
2005228
2005169
1829175
2005134
2005212
1828083
2005191
2005119
2005237
2005172
2005226
2005142
2005227
1906038
2005204
1906073
1829224
2005180
2005230
2005151
2005238
2005144
2005213
1906267
2005246
1828184
2005235
2005164
2005247
2005153
2005225
2005129
2005250
2005185
2005239
1829220
2005251
2005162
2005229
2005130
2005257
2005189
2005249
2005173
1829009
2005170
1829115
2005131
2005261
2005196
2005258
1829107
2005256
2005171
2005236
2005132
2005269
2005200
2005268
2005188
2005260
2005179
2005241
2005141
2005280
1829151
2005277
2005197
2005270
2005186
2005248
2005152
2005283
2005207
1829182
2005205
2005279
2005190
2005259
1829144
2005291
2005218
2005286
2005209
2005284
2005195
2005267
2005163
2005294
2005224
2005295
2005216
2005292
2005199
2005278
2005174
2005302
2005233
2005303
2005220
2005293
2005208
1828025
2005187
1829102
2005242
2005311
2005222
2005301
1829236
2005285
1829222
2005305
2005253
2005314
2005231
2005306
2005217
1829214
2005198
2005316
2005265
2005322
2005245
1829041
2005223
2005296
2005206
2005328
2005275
2005329
2005254
2005315
2005234
2005304
2005210
2005332
2005288
2005340
1829137
2005327
2005243
2005312
2005215
2005337
2005297
2005348
2005262
2005331
2005252
2005313
2005219
2005341
2005310
2005352
2005271
2005338
2005264
2005321
2005221
2005350
2005319
2005357
2005274
2005342
2005276
2005330
2005232
2005359
1829131
2005361
2005282
2005349
2005287
2005339
2005244
2005365
2005325
1829170
2005289
2005360
2005298
2005347
2005255
2005376
2005336
2005364
2005300
2005375
2005309
2005351
2005263
2005386
2005344
2005373
2005308
2005387
2005320
2005358
2005272
2005397
2005353
1828111
2005317
2005396
2005326
2005362
1829065
2005405
2005369
2005385
2005323
1829068
1829008
2005363
2005273
1829156
2005381
2005393
2005334
2005404
2005335
2005370
2005281
2005414
2005390
1829230
2005345
2005415
2005343
1829075
2005290
2005422
2005401
2005394
1829033
2005423
2005354
2005374
2005299
2005431
2005409
2005402
2005356
2005430
2005366
1829215
2005307
2005440
2005413
2005407
2005368
2005441
2005379
2005384
2005318
2005448
2005418
2005416
2005372
2005449
2005391
2005392
2005324
2005452
2005424
2005428
2005377
2005453
2005400
2005395
2005333
2005459
1829045
2005432
2005382
2005458
2005408
2005406
1829092
2005463
2005435
2005439
2005389
2005462
2005412
2005417
2005346
2005465
2005446
2005443
2005398
2005464
2005419
2005429
2005355
2005474
2005457
2005450
2005411
2005475
1829125
2005433
2005367
2005490
2005468
2005461
2005420
1828245
2005425
2005438
2005371
1829168
2005472
2005466
2005426
1829104
2005434
2005442
2005378
2005501
2005479
1829218
2005437
2005491
2005447
2005451
2005383
2005509
2005483
2005477
1829208
2005500
2005456
2005460
2005388
2005518
2005487
2005489
2005445
2005508
2005469
1829201
2005399
2005524
2005496
2005498
2005454
2005519
2005473
2005467
2005403
2005535
2005504
1829112
2005471
2005525
2005478
2005476
2005410
2005546
2005512
2005511
2005480
2005534
2005482
2005488
2005421
2005557
2005515
2005520
2005484
2005547
2005486
2005499
2005427
2005565
2005523
2005526
2005492
2005556
2005497
2005510
2005436
2005573
2005530
2005537
2005495
1829094
2005505
1829049
2005444
1829238
2005541
2005545
2005503
2005564
2005513
2005521
1829089
2005574
1829176
2005554
2005506
2005572
2005514
2005527
2005455
2005582
2005549
2005566
2005517
2005575
2005522
2005536
2005470
1828067
2005553
2005577
1829228
2005583
2005531
2005544
2005481
1829058
2005558
2005590
2005529
2005588
2005540
2005555
2005485
2005589
2005562
2005601
2005533
1829067
2005548
2005567
2005493
2005598
2005570
2005609
2005538
2005599
2005552
2005576
2005494
2005611
2005581
1829226
2005542
2005610
1829066
2005591
2005502
2005620
2005585
2005618
2005551
2005621
2005559
2005600
2005507
2005626
2005593
2005624
2005560
2005627
2005563
1829188
2005516
2005637
2005594
2005635
2005568
2005636
2005571
2005608
2005528
2005645
2005602
2005646
2005579
2005644
2005580
2005619
2005532
2005655
2005607
2005658
2005586
2005656
2005584
2005625
1829246
1829216
2005616
2005665
2005597
2005667
2005592
2005634
2005539
2005668
2005628
2005673
2005605
1829098
2005595
2005648
2005543
2005677
2005632
2005676
2005613
2005678
2005603
2005657
2005550
2005689
2005639
2005684
2005614
2005690
2005606
2005666
2005561
2005700
2005643
2005691
2005622
2005699
2005617
2005674
2005569
2005712
2005651
2005702
2005631
2005711
2005629
2005675
2005578
2005721
1829200
2005709
1829167
2005722
2005633
2005683
2005587
1829088
2005662
2005720
2005640
2005728
2005638
1828286
2005596
2005727
2005669
2005726
2005649
1829085
2005642
2005692
2005604
2005738
2005680
2005734
2005653
2005737
1829231
2005701
2005612
2005745
2005686
2005735
2005660
2005746
2005652
2005710
2005615
2005753
2005694
2005743
2005664
2005754
2005661
2005719
2005623
2005756
1829070
1829157
2005671
2005755
2005670
2005725
1829057
2005764
2005695
2005747
2005682
2005763
2005679
2005733
2005630
1829234
2005703
2005758
2005688
2005769
1829243
2005736
2005641
2005770
2005707
2005771
2005697
2005773
2005685
2005744
2005650
2005774
2005718
2005782
2005706
1829059
2005693
2005748
2005654
2005779
2005730
1828209
2005714
2005780
2005696
1829232
2005659
2005783
2005739
2005789
1829225
2005784
2005704
2005757
2005663
2005791
2005751
2005800
2005715
2005792
2005708
2005772
2005672
2005802
2005762
2005812
2005723
2005801
2005717
2005781
2005681
2005809
2005766
2005821
2005732
2005810
2005729
2005790
2005687
2005820
2005775
2005827
2005741
2005819
2005740
2005799
2005698
2005826
1829210
2005838
2005750
1829025
2005752
2005811
1829091
2005834
2005787
2005845
2005759
2005825
2005761
2005822
2005705
1829194
2005798
2005853
2005767
2005833
2005765
2005828
2005713
2005835
2005805
1829173
2005778
2005836
2005776
2005837
2005716
2005843
2005813
2005856
2005785
2005844
2005788
1829047
2005724
2005847
2005816
2005864
2005793
2005848
1829039
2005846
2005731
2005858
2005824
2005869
2005796
2005857
2005797
2005854
2005742
2005872
2005831
2005873
2005804
1829017
2005806
2005855
2005749
1829103
2005842
2005880
1829063
2005871
2005814
2005863
2005760
2005881
2005849
2005884
2005808
2005882
2005815
2005870
2005768
2005889
2005860
1905742
2005817
2005890
2005823
2005874
2005777
2005893
2005867
2005891
2005829
2005894
2005832
2005879
2005786
2005900
2005878
2005902
2005840
2005899
2005841
2005883
2005794
2005904
2005887
2005909
2005852
2005903
2005850
2005892
2005795
2005912
2005898
2005913
2005861
2005911
2005859
2005901
2005803
2005921
1829217
2005920
2005866
2005922
2005868
2005910
2005807
2005927
2005905
2005924
2005875
2005928
2005877
2005914
1829209
2005938
2005916
1829028
1828134
2005937
2005888
2005919
2005818
2005945
2005931
2005926
2005886
1829202
2005897
2005923
2005830
1829003
2005942
2005935
1829135
2005946
2005906
2005925
2005839
2005956
2005949
2005947
2005895
2005955
1829016
1829121
2005851
2005968
2005953
2005958
2005907
2005967
2005915
2005936
2005862
2005977
2005960
2005966
2005918
2005978
2005932
2005948
2005865
2005991
2005964
2005974
2005930
2005992
2005941
2005957
2005876
2028003
2005971
2005975
2005934
2028002
2005950
2005965
1829187
2028010
2005982
2005983
2005939
2028011
2005954
2005973
2005885
2028014
2005985
2005989
2005943
2028015
2005959
2005976
2005896
2028021
2005996
2005993
2005951
2028020
2005963
2005984
2005908
2028025
2028009
2028001
2005962
2028024
2005972
2005990
2005917
2028027
1829035
2028005
2005969
2028026
2005981
2005994
2005929
2028036
2028018
2028013
1829021
2028037
2005986
2005999
2005933
1829002
2028030
2028022
2005980
2028049
2005995
2028004
2005940
2028048
2028034
2028028
1829155
1829133
1829142
2028012
2005944
2028059
2028041
1829150
2005988
2028058
2028008
2028023
2005952
2028066
2028045
2028039
2005997
2028067
2028019
1829192
2005961
2028074
2028053
2028046
2028007
2028075
2028031
2028029
1829099
2028077
2028062
2028057
2028016
2028076
2028035
2028038
2005970
2028086
2028070
2028068
2028033
2028085
2028040
2028047
2005979
2028087
2028082
2028079
2028042
2028088
2028044
2028056
1828014
2028099
1828232
2028090
2028051
2028098
2028052
2028069
2005987
2028111
2028095
2028100
2028055
2028110
2028063
2028078
1829158
2028120
1829206
2028109
2028060
2028121
2028071
2028089
2005998
1829138
2028104
2028118
2028064
2028133
2028081
2028101
2028006
2028132
2028113
2028135
1829082
2028137
1829123
2028108
2028017
2028136
2028117
2028144
2028072
1829122
2028094
2028119
2028032
2028143
2028122
1829096
2028084
2028142
2028105
2028134
2028043
2006002
2028126
2006008
2028093
2006001
2028112
2028145
2028050
2006010
2028128
2006012
2028097
2006009
2028116
2006007
2028054
2006019
2028139
2006017
2028102
2006020
2028123
2006011
2028061
2006028
2006006
2006021
2028106
2006027
2028127
1829203
2028065
2006037
2006015
2006030
2028114
2006038
2028129
2006018
2028073
2006045
2006023
2006039
1829013
2006046
2028138
2006022
1829165
2006056
2006031
2006044
2028125
2006055
2006005
2006029
2028083
2006063
1829014
2006053
2028131
2006064
2006016
2006040
2028091
2006074
2006034
2006065
2028140
2006073
1829207
2006043
2028096
2006089
2006042
2006076
2006004
1829193
2006024
2006054
2028103
1829079
1829139
2006088
2006013
2006090
2006032
2006066
2028107
2006100
2006048
2006092
2006025
2006099
2006033
2006075
1829084
2006107
2006052
2006097
2006036
2006108
2006041
2006087
2028115
2006111
2006057
2006101
2006050
2006112
1828058
2006091
2028124
2006118
2006061
2006109
2006059
2006117
2006047
2006098
2028130
2006122
2006069
1829034
1829093
2006121
2006051
2006102
2028141
2006130
2006080
2006120
2006068
2006129
1829199
1829152
2006003
2006139
2006086
2006128
2006072
2006140
2006058
2006110
2006014
2006143
2006095
2006137
2006077
1829069
2006062
2006119
2006026
2006151
2006104
1828008
2006081
2006144
2006070
2006127
2006035
1829136
2006113
2006145
2006083
2006152
2006079
2006138
2006049
2006154
1829166
2006156
2006094
2006153
2006085
2006146
2006060
2006162
2006126
2006163
2006106
2006161
2006096
2006155
2006067
2006166
2006135
2006171
2006115
2006165
2006103
1829146
2006071
2006175
2006147
1829143
2006124
2006176
2006114
2006164
1829015
2006188
2006158
2006174
2006132
2006187
2006125
2006172
2006078
2006192
2006170
2006182
2006133
2006191
1829183
2006173
2006082
2006197
2006179
2006190
2006141
2006198
2006136
2006181
2006084
2006201
2006186
2006199
2006149
2006202
2006148
2006189
2006093
2006209
2006195
2006208
2006160
2006210
2006157
2006200
2006105
2006220
2006204
2006212
2006167
2006219
2006169
2006207
2006116
2006228
1829129
2006217
2006178
1829126
2006180
2006211
2006123
1829190
2006213
2006221
1829007
2006227
2006185
2006218
2006131
2006235
2006225
2006229
2006183
2006236
2006196
2006222
2006134
1829001
2006240
2006233
2006194
2006246
1829006
2006230
2006142
2006245
2006250
2006243
2006206
1829181
2006203
2006234
2006150
2006256
2006259
2006251
2006215
2006255
2006214
1828032
2006159
2006263
2006268
2006254
2006223
2006264
2006226
2006244
2006168
2006271
2006277
2006262
2006231
2006272
2006239
2006252
2006177
2006274
2006284
1829196
2006238
2006273
2006249
2006253
2006184
2006282
2006293
2006266
2006242
2006281
2006260
2006261
1829036
2006290
1829184
2006275
2006248
2006289
2006267
2006265
2006193
2006299
2006305
2006288
2006257
2006300
2006278
1829169
2006205
2006308
2006316
2006292
2006269
2006307
2006283
2006276
2006216
2006312
2006327
2006297
2006280
2006311
2006294
2006287
2006224
2006317
2006331
2006301
2006285
2006318
2006306
2006291
2006232
2006321
2006334
2006309
1829046
2006322
1829037
2006298
2006237
1829010
2006342
2006320
2006296
2006324
2006315
2006302
2006241
2006323
2006346
2006325
2006303
1829147
2006332
2006310
2006247
2006330
2006357
2006338
2006314
2006333
2006341
2006319
2006258
2006339
2006364
1829048
2006329
2006340
2006347
2006328
2006270
1828061
2006372
2006348
2006336
2006351
2006356
2006337
2006279
2006350
2006375
2006359
2006343
2006360
2006365
2006349
1829077
2006361
1829011
2006371
2006352
1829140
2006373
1829022
2006286
2006368
1829179
2006380
2006355
2006369
2006374
2006358
2006295
1829195
1829247
1829164
2006363
2006378
1829019
2006370
2006304
2006379
1829191
1829134
2006367
1828170
1829080
1829211
2006313
1829030
1905319
1829186
2006376
1829239
1829154
1829163
2006326
1829032
1828266
1828243
1829149
1829185
1829119
1829198
2006335
1829117
1829241
1829054
1829178
1829124
1829087
1829252
2006345
1829078
1829248
1829114
1829244
1829081
1829128
1829100
2006353
1829086
1829095
1829043
1829040
1829127
1828030
1828074
2006354
1829160
1829233
1829213
1829090
1829064
1829042
1829105
2006362
2029155
2029148
1829051
1829031
2029154
1829235
1829132
2006366
2029164
2029161
1829038
1828019
2029162
2029147
1829223
2006377
2029165
2029172
2029153
2029150
2029166
2029160
1829120
1829118
2029174
2029177
2029157
2029158
2029175
2029173
2029152
1829073
2029180
2029185
1829219
2029171
2029181
1829026
1829130
1829148
2029191
1829141
2029167
2029179
2029190
2029176
2029156
1829072
2029203
2029186
2029182
2029188
2029202
2029184
2029168
1829245
2028146
2029194
2029193
2029197
2028147
2029187
2029183
1829174
2028156
2029198
2029200
2029205
1829240
2029195
2029192
2029149
2028160
2029209
2029211
1829110
2028155
2029199
2029201
2029159
1829113
2028152
2028157
2029206
2028159
2029208
2029210
2029169
2028165
2028161
2028174
2028148
2028166
2028162
2028158
2029178
2028169
2028178
2028186
2028153
2028170
2028180
2028167
2029189
1829023
2028190
1829052
2028164
2028171
2028189
2028175
1829111
2028173
2028197
2028193
2028176
2028181
2028198
2028185
2029196
2028182
2028209
2028201
2028188
1829076
2028208
2028194
2029204
2028183
1829177
2028205
2028200
2028184
2006387
2028202
2029207
2028191
2006388
2006384
2028210
2028192
1829221
1829027
2028149
2028195
2006398
2006390
2006386
2028196
2006399
2028203
2028154
2028207
2006407
2006400
2006394
2028206
2006406
2006383
2028163
2006392
2006416
2006413
2006395
2006391
2006415
2006389
1828146
2006402
2006417
2006426
1829189
2006403
2006418
2006401
2028177
2006411
2006427
2006434
2006408
2006410
2006428
2006414
2028187
2006422
2006432
2006438
2006420
2006424
2006431
2006425
2028199
1829061
2006441
2006443
2006429
2006436
2006442
2006433
2006381
2006435
1829205
2006447
2006440
1829106
2006456
2006437
2006385
2006446
2006455
2006450
2006454
2006445
1829109
2006444
2006393
2006451
2006466
2006458
2006463
1828195
2006465
2006448
2006397
2006462
2006477
2006459
1829062
2006452
2006478
2006449
2006405
2006481
2006488
2006467
2006479
2006461
2006487
2006457
2006409
2006484
1802288
2006475
2006490
2006482
1802012
2006460
1829145
2006493
1802085
2006486
1802310
2006483
2006537
2006476
2006419
2006497
2006538
2006494
2006536
2006492
1802332
2006485
2006430
2006498
2006547
2006501
2006545
2006496
2006548
2006495
2006439
2006502
1802122
2006506
1802253
2006499
1802015
2006500
2006453
2006507
1802027
2006511
1802021
2006503
1802083
2006505
2006464
2006510
1802074
2006518
1802154
2006508
1802045
2006512
2006480
2006514
1802337
2006520
1802127
2006509
1802222
2006517
1802230
2006516
1802126
2006524
1802387
2006513
1802326
2006519
2006489
2006522
1802068
2006527
1802081
2006515
1802282
2006523
1802141
2006525
1802134
2006529
1802145
2006521
1802205
2006528
2006535
2006531
1828029
2006533
1802042
2006526
1802192
2006530
2006546
2006539
1802152
2006542
1802054
2006532
1802316
2006534
1802144
2006543
1802047
2006551
1802306
2006540
1828021
2006541
1802041
2006550
1802233
1828161
1802096
2006544
1802385
2006552
1802301
2006554
1802307
1802340
1802245
2006549
1802075
1828138
1802023
1828079
1802162
1802346
1802302
2006553
1905173
1802275
1802325
2006555
1828131
1802336
1802140
2006556
1828041
1802178
1802175
1802058
1802231
1802089
1802130
1802314
1802103
1802167
1802225
1802092
1802160
1802199
1802056
1802049
1802328
1802260
1802334
1802157
1802016
1802262
1802271
1802084
1802193
1802014
1802223
1802227
1802396
1828158
1828165
1802138
1802168
1802393
1802078
1802322
1802053
1808050
1802079
1802001
1802147
1828187
1802142
1802296
1802101
1808045
1802155
1802216
1802312
1808032
1802201
1828087
1802151
1802229
1828050
1802197
1808039
1802060
1808021
1802239
1802008
1808046
1802129
1802265
1808038
1802284
1808008
1802095
1802106
1802046
1802171
1802061
1808005
1802327
1802266
1802247
1808027
1828139
1808043
1808002
1808031
1802333
1808019
1802005
1808014
1802188
1808017
1802290
1808012
1808034
1828089
1802350
1828206
1808044
1808003
1802342
1808036
1808033
1808026
1802076
1808049
1808011
1808030
1802136
1808013
1802030
1802051
1802287
1802228
1808006
1808057
1808009
1808037
